1.0 41.222857 40.372944 97.527143
1.0 35.331667 35.596324 87.758333
1.0 41.644286 39.387808 96.168571
1.0 35.398333 32.326006 87.986667
1.0 37.378571 32.108942 95.387143
1.0 39.197143 31.577545 84.634286
1.0 38.567143 32.829369 94.901429
1.0 32.616667 37.171171 89.846667
1.0 36.442857 31.317686 95.135714
1.0 32.983333 31.183396 90.691667
1.0 36.380000 32.627519 101.635714
1.0 39.011429 29.413224 84.948571
1.0 42.017143 33.265608 95.785714
1.0 33.137143 34.632026 88.532857
1.0 31.958571 32.719400 91.744286
1.0 35.718333 31.184614 83.436667
1.0 31.070000 30.743473 73.536667
1.0 33.210000 31.195878 81.178000
1.0 29.788333 31.769085 71.878333
1.0 26.881667 34.361397 81.571667
1.0 27.492857 34.215489 81.378571
1.0 32.898000 34.484362 75.986000
1.0 32.674286 32.084687 83.034286
1.0 30.891429 28.256355 81.282857
1.0 28.978571 32.979389 76.255714
1.0 36.420000 31.531710 78.330000
1.0 28.712857 28.145767 73.492857
1.0 34.426667 29.342335 82.908333
1.0 35.902857 29.122622 78.468571
1.0 30.911429 33.056237 81.877143
1.0 27.375714 30.385708 79.318571
1.0 27.332000 31.780297 92.508000
1.0 28.220000 27.158542 75.418571
1.0 31.540000 31.160191 78.268333
1.0 36.380000 28.239465 79.040000
1.0 32.651429 31.036258 82.481429
1.0 32.128571 31.418944 73.350000
1.0 35.047143 32.316006 82.078571
1.0 27.734286 32.197472 79.530000
1.0 32.248000 34.570393 91.794000
1.0 32.380000 29.812079 74.661429
1.0 31.937143 32.692763 80.448571
1.0 34.130000 32.158902 82.867143
1.0 31.720000 28.588765 80.905714
1.0 35.210000 30.459106 85.920000
1.0 33.011429 30.316786 79.148571
1.0 34.635714 29.419894 85.571429
1.0 33.212857 30.962523 79.034286
1.0 26.821429 30.673032 70.377143
1.0 33.487500 44.904307 72.870000
1.0 29.534286 31.728685 79.874286
1.0 28.440000 45.165047 76.364000
1.0 29.232857 32.281796 79.650000
1.0 30.512500 39.754302 77.905000
1.0 27.473333 26.191227 77.720000
1.0 39.064286 41.729802 87.487143
1.0 30.212000 25.563195 75.400000
1.0 39.185714 41.811088 88.284286
1.0 28.468571 37.533416 78.384286
1.0 31.441429 29.002491 73.251429
1.0 26.080000 27.194605 73.243333
1.0 32.008333 45.606879 84.853333
1.0 28.771429 30.697211 83.870000
1.0 29.894286 30.343459 72.654286
1.0 40.652857 25.662220 98.115714
1.0 39.775714 31.595384 88.955714
1.0 27.020000 26.849651 73.071429
1.0 34.137143 39.717680 84.434286
1.0 33.456667 33.384029 85.663333
1.0 40.257143 31.560676 83.672857
1.0 37.335714 26.182565 94.797143
1.0 39.097143 30.463571 87.758571
1.0 27.927143 29.062129 73.691429
1.0 39.510000 43.386684 89.215714
1.0 32.720000 33.826329 86.946000
1.0 41.071429 30.337324 84.554286
1.0 39.354286 27.496200 96.730000
1.0 39.384286 30.649352 88.818571
1.0 34.915714 34.625230 95.205714
1.0 34.358571 32.909018 81.497143
1.0 35.198571 34.705350 94.107143
1.0 33.454286 32.364677 81.194286
1.0 40.388571 31.934817 84.148571
1.0 27.494286 31.975936 89.150000
1.0 36.657143 35.975246 92.941429
1.0 31.985000 33.063920 81.236667
1.0 40.670000 31.974030 84.535714
1.0 27.587143 33.704811 89.440000
1.0 29.771429 24.873007 102.002857
1.0 37.077143 33.744565 85.578571
1.0 37.435714 32.313666 86.174286
1.0 32.210000 34.171971 82.434286
1.0 34.621429 34.658261 83.970000
1.0 30.945714 34.223268 85.668571
1.0 38.144286 23.487064 91.414286
1.0 36.488571 34.860046 86.881429
1.0 38.480000 32.955843 83.516000
1.0 28.761429 27.147472 82.464286
1.0 35.851429 23.842783 87.654286
1.0 34.977143 30.516038 87.572857
1.0 37.151429 29.448187 90.338571
1.0 36.434286 30.294638 87.528571
1.0 28.070000 40.061128 75.632857
1.0 24.481429 31.123261 67.177143
1.0 30.875000 39.672945 74.208333
1.0 26.071667 31.347316 69.808333
1.0 31.325000 43.092881 74.453333
1.0 25.300000 33.140402 68.886000
1.0 33.255714 32.675002 80.701429
1.0 37.320000 29.080439 89.324286
1.0 31.486667 37.758793 72.835000
1.0 24.331667 32.356728 67.360000
1.0 33.390000 35.074083 82.557143
1.0 33.405000 29.166562 90.863333
1.0 26.958571 31.451623 84.692857
1.0 31.458333 33.979610 79.541667
1.0 33.377143 32.178002 82.444286
1.0 36.063333 30.217946 91.703333
1.0 31.401429 33.158048 90.630000
1.0 31.303333 37.680071 79.548333
1.0 34.245714 33.486556 91.404286
1.0 33.552857 37.025447 77.315714
1.0 33.687143 33.705968 89.397143
1.0 32.014286 38.472096 84.627143
1.0 33.103333 33.104776 95.535000
1.0 32.127143 42.611856 84.638571
1.0 37.592857 32.675701 90.454286
1.0 34.107143 32.265923 87.815714
1.0 37.830000 30.794560 90.351429
1.0 38.627143 30.647659 87.462857
1.0 36.776667 33.491135 96.916667
1.0 31.987143 32.397617 84.698571
1.0 36.705714 33.344299 87.217143
1.0 34.752857 31.850249 87.821429
1.0 33.011429 35.837486 85.602857
1.0 27.788333 38.144933 92.896667
1.0 36.712857 36.277707 89.345714
1.0 29.572857 28.716866 82.605714
1.0 35.285714 28.871178 86.682857
1.0 41.105714 32.616886 85.434286
1.0 40.404286 41.714809 90.681429
1.0 29.465714 25.093826 75.368571
1.0 40.710000 35.459191 86.361429
1.0 33.751429 32.634158 83.632857
1.0 30.818571 34.000650 76.601429
1.0 30.572857 29.511462 87.415714
1.0 28.407143 31.338501 74.392857
1.0 31.980000 31.214815 85.001429
1.0 31.463333 31.382354 78.978333
1.0 33.447143 32.477411 83.484286
