270
269
301
300
292
268
244
243
259
316
314
314
217
212
280
278
228
289
240
246
205
202
284
296
279
280
176
248
264
265
269
254
222
254
245
249
326
329
278
303
204
208
260
261
293
300
219
222
227
223
257
256
261
264
216
303
196
257
219
217
165
172
338
247
327
328
170
231
227
228
282
220
208
271
294
253
217
221
255
162
217
215
263
217
231
230
330
271
230
236
275
274
245
242
300
268
288
286
329
256
268
267
281
194
251
183
297
173
317
292
256
235
267
265
246
250
239
240
255
252
299
292
219
218
248
252
235
234
269
267
280
276
304
303
262
266
253
287
201
200
339
277
300
224
307
304
232
236
240
332
